BOLSIG+ version: 07/2024
Collision input data:
--------------------------------------------------
He                                                              
SigloDataBase-LXCat-04Jun2013.txt
How to reference in publications:
1) PHELPS database, http://www.lxcat.laplace.univ-tlse.fr, retrieved June 4, 2013
 
 
 
C1 Input cross section
EFFECTIVE
He                                                              
  0.136000E-03
--------------------------------
0.00000	0.496000E-19
0.100000E-02	0.498000E-19
0.200000E-02	0.502000E-19
0.300000E-02	0.507000E-19
0.500000E-02	0.512000E-19
0.700000E-02	0.515000E-19
0.850000E-02	0.518000E-19
0.100000E-01	0.521000E-19
0.150000E-01	0.528000E-19
0.200000E-01	0.535000E-19
0.300000E-01	0.546000E-19
0.400000E-01	0.554000E-19
0.500000E-01	0.562000E-19
0.700000E-01	0.574000E-19
0.100000	0.586000E-19
0.120000	0.594000E-19
0.150000	0.604000E-19
0.170000	0.608000E-19
0.200000	0.616000E-19
0.250000	0.627000E-19
0.300000	0.635000E-19
0.350000	0.642000E-19
0.400000	0.649000E-19
0.500000	0.659000E-19
0.700000	0.673000E-19
1.00000	0.685000E-19
1.20000	0.691000E-19
1.30000	0.692000E-19
1.50000	0.696000E-19
1.70000	0.697000E-19
1.90000	0.698000E-19
2.10000	0.698000E-19
2.20000	0.698000E-19
2.50000	0.696000E-19
2.80000	0.692000E-19
3.00000	0.689000E-19
3.30000	0.682000E-19
3.60000	0.673000E-19
4.00000	0.660000E-19
4.50000	0.649000E-19
5.00000	0.631000E-19
6.00000	0.600000E-19
7.00000	0.568000E-19
8.00000	0.535000E-19
10.0000	0.472000E-19
12.0000	0.420000E-19
15.0000	0.350000E-19
17.0000	0.315000E-19
20.0000	0.264000E-19
25.0000	0.205000E-19
30.0000	0.174000E-19
50.0000	0.110000E-19
75.0000	0.880000E-20
100.000	0.750000E-20
150.000	0.605000E-20
200.000	0.520000E-20
300.000	0.410000E-20
500.000	0.300000E-20
750.000	0.235000E-20
1000.00	0.170000E-20
--------------------------------
Extra points added by BOLSIG+:
1300.00	0.135736E-20
1690.00	0.108233E-20
2197.00	0.861950E-21
2856.10	0.685645E-21
3712.93	0.544810E-21
4826.81	0.432461E-21
6274.85	0.342952E-21
8157.30	0.271725E-21
10604.5	0.215108E-21
 
 
C2 Input cross section
EXCITATION
He                                                              
   19.8000       1.00000    
--------------------------------
19.8000	0.00000
20.0200	0.410000E-21
20.2400	0.460000E-21
21.4500	0.420000E-21
21.8000	0.550000E-21
22.4500	0.550000E-21
24.2200	0.730000E-21
25.3200	0.920000E-21
27.5300	0.108000E-20
29.7500	0.116000E-20
34.1800	0.121000E-20
46.3000	0.121000E-20
100.000	0.115000E-20
200.000	0.100000E-20
400.000	0.600000E-21
700.000	0.350000E-21
1000.00	0.250000E-21
--------------------------------
Extra points added by BOLSIG+:
1300.00	0.201812E-21
1690.00	0.162552E-21
2197.00	0.130664E-21
2856.10	0.104837E-21
3712.93	0.839717E-22
4826.81	0.671535E-22
6274.85	0.536257E-22
8157.30	0.427653E-22
10604.5	0.340615E-22
 
 
C3 Input cross section
IONIZATION
He                                                              
   24.5800    
--------------------------------
0.00000	0.00000
24.6000	0.00000
30.0000	0.710000E-21
34.0000	0.121000E-20
40.0000	0.178000E-20
45.0000	0.212000E-20
50.0000	0.242000E-20
60.0000	0.289000E-20
70.0000	0.313000E-20
80.0000	0.332000E-20
90.0000	0.344000E-20
100.000	0.351000E-20
150.000	0.346000E-20
200.000	0.324000E-20
300.000	0.290000E-20
500.000	0.220000E-20
700.000	0.180000E-20
1000.00	0.140000E-20
--------------------------------
Extra points added by BOLSIG+:
1300.00	0.113241E-20
1690.00	0.913767E-21
2197.00	0.735730E-21
2856.10	0.591202E-21
3712.93	0.474198E-21
4826.81	0.379712E-21
6274.85	0.303582E-21
8157.30	0.242367E-21
10604.5	0.193239E-21
 
 
 Conditions
A1     Electric field / N (Td)                                         
A2     Angular frequency / N (m3.rad/s)           0.00000    
A3     Cosine of E-B field angle                  0.00000    
A4     Gas temperature (K)                        300.000    
A5     Excitation temperature (K)                 300.000    
A6     Transition energy (eV)                     0.00000    
A7     Ionization degree                          0.00000    
A8     Gas particle density (1/m3)               0.245000E+26
A9     Ion charge parameter                       1.00000    
A10    Ion/neutral mass ratio                     1.00000    
A11    Coulomb collision model                    3.00000    
A12    Energy sharing                             1.00000    
A13    Growth model                               1.00000    
A14    Maxwellian mean energy (eV)                0.00000    
A15    # of grid points                           500.000    
A16    Grid type                                                       
A17    Maximum energy                                                  
A18    Precision                                 0.100000E-09
A19    Convergence                               0.100000E-03
A20    Maximum # of iterations                    1000.00    
A21    Mole fraction He                           1.00000    
            R#      A1           A16           A17      
           1  0.100000E-01   2.00000       200.000    
           2  0.112029       3.00000      0.674400    
           3  0.418118       3.00000      0.965318    
           4  0.928265       3.00000       1.97777    
           5   1.64247       3.00000       4.05212    
           6   2.56073       3.00000       6.93923    
           7   3.68306       3.00000       11.8834    
           8   5.00944       3.00000       24.3451    
           9   6.53988       3.00000       29.1101    
          10   8.27438       3.00000       34.7940    
          11   10.2129       3.00000       41.5737    
          12   12.3556       3.00000       41.5737    
          13   14.7022       3.00000       49.6607    
          14   17.2530       3.00000       49.6607    
          15   20.0078       3.00000       59.3069    
          16   22.9666       3.00000       59.3069    
          17   26.1295       3.00000       70.8130    
          18   29.4965       3.00000       70.8130    
          19   33.0675       3.00000       84.5377    
          20   36.8426       3.00000       84.5377    
          21   40.8218       3.00000       100.909    
          22   45.0050       3.00000       100.909    
          23   49.3922       3.00000       120.436    
          24   53.9835       3.00000       120.436    
          25   58.7789       3.00000       143.729    
          26   63.7784       3.00000       143.729    
          27   68.9819       3.00000       143.729    
          28   74.3894       3.00000       171.512    
          29   80.0010       3.00000       171.512    
          30   85.8167       3.00000       204.653    
          31   91.8365       3.00000       204.653    
          32   98.0602       3.00000       244.184    
          33   104.488       3.00000       244.184    
          34   111.120       3.00000       244.184    
          35   117.956       3.00000       291.336    
          36   124.996       3.00000       291.336    
          37   132.240       3.00000       347.580    
          38   139.688       3.00000       347.580    
          39   147.340       3.00000       414.669    
          40   155.197       3.00000       414.669    
          41   163.257       3.00000       414.669    
          42   171.521       3.00000       494.694    
          43   179.990       3.00000       494.694    
          44   188.662       3.00000       590.147    
          45   197.539       3.00000       590.147    
          46   206.620       3.00000       590.147    
          47   215.904       3.00000       704.006    
          48   225.393       3.00000       704.006    
          49   235.086       3.00000       839.818    
          50   244.983       3.00000       839.818    
          51   255.083       3.00000       839.818    
          52   265.388       3.00000       1001.82    
          53   275.897       3.00000       1001.82    
          54   286.611       3.00000       1001.82    
          55   297.528       3.00000       1195.05    
          56   308.649       3.00000       1195.05    
          57   319.974       3.00000       1195.05    
          58   331.503       3.00000       1425.54    
          59   343.237       3.00000       1425.54    
          60   355.174       3.00000       1700.47    
          61   367.316       3.00000       1700.47    
          62   379.661       3.00000       1700.47    
          63   392.211       3.00000       2028.42    
          64   404.965       3.00000       2028.42    
          65   417.922       3.00000       2028.42    
          66   431.084       3.00000       2419.59    
          67   444.450       3.00000       2419.59    
          68   458.020       3.00000       2419.59    
          69   471.794       3.00000       2419.59    
          70   485.772       3.00000       2886.19    
          71   499.954       3.00000       2886.19    
          72   514.340       3.00000       2886.19    
          73   528.930       3.00000       3442.75    
          74   543.725       3.00000       3442.75    
          75   558.723       3.00000       3442.75    
          76   573.925       3.00000       4106.63    
          77   589.332       3.00000       4106.63    
          78   604.942       3.00000       4106.63    
          79   620.757       3.00000       4106.63    
          80   636.775       3.00000       4898.51    
          81   652.998       3.00000       4898.51    
          82   669.425       3.00000       4898.51    
          83   686.056       3.00000       4898.51    
          84   702.890       3.00000       5843.07    
          85   719.929       3.00000       5843.07    
          86   737.172       3.00000       5843.07    
          87   754.619       3.00000       5843.07    
          88   772.270       3.00000       6969.75    
          89   790.126       3.00000       6969.75    
          90   808.185       3.00000       6969.75    
          91   826.448       3.00000       6969.75    
          92   844.915       3.00000       8313.68    
          93   863.587       3.00000       8313.68    
          94   882.462       3.00000       8313.68    
          95   901.542       3.00000       8313.68    
          96   920.825       3.00000       8313.68    
          97   940.313       3.00000       9916.73    
          98   960.004       3.00000       9916.73    
          99   979.900       3.00000       9916.73    
         100   1000.00       3.00000       9916.73    
 
 
 Transport coefficients
A1     Mean energy (eV)                                                
A2     Mobility *N (1/m/V/s)                                           
A6     Diffusion coefficient *N (1/m/s)                                
A11    Energy mobility *N (1/m/V/s)                                    
A12    Energy diffusion coef. *N (1/m/s)                               
A13    Total collision freq. /N (m3/s)                                 
A14    Momentum frequency /N (m3/s)                                    
A16    Total ionization freq. /N (m3/s)                                
A18    Townsend ioniz. coef. alpha/N (m2)                              
A20    Power /N (eV m3/s)                                              
A21    Elastic power loss /N (eV m3/s)                                 
A22    Inelastic power loss /N (eV m3/s)                               
A23    Growth power /N (eV m3/s)                                       
A27    Maximum energy                                                  
A28    # of iterations                                                 
A29    # of grid trials                                                
A30    Error code                                                      
            R#      E/N (Td)      A1            A2            A6           A11           A12           A13           A14           A16           A18           A20           A21           A22           A23           A27           A28           A29           A30      
           1  0.100000E-01  0.402255E-01  0.240929E+26  0.657722E+24  0.318038E+26  0.845872E+24  0.613161E-14  0.730015E-14   0.00000       0.00000      0.240929E-20  0.240943E-20   0.00000       0.00000      0.674400       9.00000       2.00000       0.00000    
           2  0.112029      0.932820E-01  0.137574E+26  0.973398E+24  0.201884E+26  0.116447E+25  0.100245E-13  0.127845E-13   0.00000       0.00000      0.172663E-18  0.172665E-18   0.00000       0.00000      0.965318       9.00000       3.00000       0.00000    
           3  0.418118      0.260865      0.749743E+25  0.152397E+25  0.112747E+26  0.178862E+25  0.180952E-13  0.234590E-13   0.00000       0.00000      0.131072E-17  0.131073E-17   0.00000       0.00000       1.97777       15.0000       5.00000       0.00000    
           4  0.928265      0.527949      0.502662E+25  0.207097E+25  0.760951E+25  0.242995E+25  0.269854E-13  0.349901E-13   0.00000       0.00000      0.433132E-17  0.433136E-17   0.00000       0.00000       4.05212       15.0000       5.00000       0.00000    
           5   1.64247      0.896683      0.377142E+25  0.262504E+25  0.573198E+25  0.309621E+25  0.361332E-13  0.466354E-13   0.00000       0.00000      0.101742E-16  0.101743E-16   0.00000       0.00000       6.93923       12.0000       4.00000       0.00000    
           6   2.56073       1.38177      0.303721E+25  0.321864E+25  0.464041E+25  0.384398E+25  0.453162E-13  0.579090E-13   0.00000       0.00000      0.199161E-16  0.199163E-16   0.00000       0.00000       11.8834       12.0000       4.00000       0.00000    
           7   3.68306       2.02375      0.258105E+25  0.392178E+25  0.397780E+25  0.480690E+25  0.543035E-13  0.681437E-13   0.00000       0.00000      0.350117E-16  0.350123E-16  0.882082E-23   0.00000       24.3451       15.0000       5.00000       0.00000    
           8   5.00944       2.90903      0.229904E+25  0.487271E+25  0.359982E+25  0.628536E+25  0.627403E-13  0.765024E-13  0.393611E-24  0.341768E-28  0.576932E-16  0.576308E-16  0.629959E-19  0.114503E-23   29.1101       8.00000       2.00000       0.00000    
           9   6.53988       4.10993      0.215833E+25  0.624991E+25  0.347845E+25  0.863984E+25  0.696976E-13  0.814898E-13  0.178649E-21  0.126565E-25  0.923119E-16  0.883872E-16  0.392453E-17  0.734240E-21   34.7940       8.00000       2.00000       0.00000    
          10   8.27438       5.25268      0.213117E+25  0.767801E+25  0.351997E+25  0.109513E+26  0.736846E-13  0.825283E-13  0.505375E-20  0.286589E-24  0.145912E-15  0.116460E-15  0.294253E-16  0.265459E-19   41.5737       8.00000       2.00000       0.00000    
          11   10.2129       6.01958      0.214694E+25  0.870733E+25  0.359015E+25  0.125451E+26  0.753744E-13  0.819222E-13  0.392618E-19  0.179061E-23  0.223935E-15  0.134406E-15  0.892919E-16  0.236341E-18   41.5737       4.00000       1.00000       0.00000    
          12   12.3556       6.52078      0.216739E+25  0.941929E+25  0.365178E+25  0.136576E+26  0.761323E-13  0.811491E-13  0.162264E-18  0.605930E-23  0.330874E-15  0.145613E-15  0.184202E-15  0.105809E-17   49.6607       8.00000       2.00000       0.00000    
          13   14.7022       6.89081      0.218550E+25  0.996905E+25  0.370505E+25  0.145391E+26  0.765616E-13  0.804767E-13  0.472690E-18  0.147110E-22  0.472408E-15  0.153568E-15  0.315582E-15  0.325723E-17   49.6607       4.00000       1.00000       0.00000    
          14   17.2530       7.19783      0.220166E+25  0.104425E+26  0.375372E+25  0.153195E+26  0.768541E-13  0.798859E-13  0.110713E-17  0.291463E-22  0.655358E-15  0.159949E-15  0.487439E-15  0.796899E-17   59.3069       8.00000       2.00000       0.00000    
          15   20.0078       7.47318      0.221692E+25  0.108811E+26  0.380026E+25  0.160623E+26  0.770716E-13  0.793363E-13  0.223594E-17  0.504095E-22  0.887455E-15  0.165500E-15  0.705243E-15  0.167097E-16   59.3069       5.00000       1.00000       0.00000    
          16   22.9666       7.73221      0.223192E+25  0.113063E+26  0.384598E+25  0.168006E+26  0.772372E-13  0.788031E-13  0.405841E-17  0.791737E-22  0.117726E-14  0.170576E-15  0.975301E-15  0.313808E-16   70.8130       10.0000       2.00000       0.00000    
          17   26.1295       7.98335      0.224703E+25  0.117299E+26  0.389157E+25  0.175536E+26  0.773624E-13  0.782732E-13  0.679824E-17  0.115786E-21  0.153416E-14  0.175366E-15  0.130452E-14  0.542732E-16   70.8130       5.00000       1.00000       0.00000    
          18   29.4965       8.23183      0.226243E+25  0.121599E+26  0.393738E+25  0.183340E+26  0.774538E-13  0.777402E-13  0.107007E-16  0.160349E-21  0.196842E-14  0.179985E-15  0.170034E-14  0.880875E-16   84.5377       10.0000       2.00000       0.00000    
          19   33.0675       8.48128      0.227826E+25  0.126017E+26  0.398363E+25  0.191512E+26  0.775159E-13  0.772003E-13  0.160308E-16  0.212790E-21  0.249118E-14  0.184510E-15  0.217071E-14  0.135963E-15   84.5377       5.00000       1.00000       0.00000    
          20   36.8426       8.73450      0.229456E+25  0.130602E+26  0.403049E+25  0.200133E+26  0.775518E-13  0.766517E-13  0.230725E-16  0.272926E-21  0.311459E-14  0.188998E-15  0.272406E-14  0.201529E-15   100.909       10.0000       2.00000       0.00000    
          21   40.8218       8.99370      0.231142E+25  0.135392E+26  0.407811E+25  0.209276E+26  0.775633E-13  0.760925E-13  0.321277E-16  0.340494E-21  0.385179E-14  0.193490E-15  0.336935E-14  0.288951E-15   100.909       5.00000       1.00000       0.00000    
          22   45.0050       9.26080      0.232890E+25  0.140424E+26  0.412665E+25  0.219016E+26  0.775514E-13  0.755213E-13  0.435180E-16  0.415199E-21  0.471707E-14  0.198021E-15  0.411603E-14  0.403017E-15   120.436       11.0000       2.00000       0.00000    
          23   49.3922       9.53746      0.234704E+25  0.145732E+26  0.417621E+25  0.229421E+26  0.775167E-13  0.749378E-13  0.575815E-16  0.496712E-21  0.572582E-14  0.202616E-15  0.497401E-14  0.549190E-15   120.436       5.00000       1.00000       0.00000    
          24   53.9835       9.82517      0.236587E+25  0.151349E+26  0.422689E+25  0.240567E+26  0.774592E-13  0.743414E-13  0.746765E-16  0.584699E-21  0.689467E-14  0.207299E-15  0.595365E-14  0.733722E-15   143.729       11.0000       2.00000       0.00000    
          25   58.7789       10.1253      0.238545E+25  0.157309E+26  0.427882E+25  0.252532E+26  0.773787E-13  0.737311E-13  0.951769E-16  0.678796E-21  0.824165E-14  0.212084E-15  0.706585E-14  0.963711E-15   143.729       5.00000       1.00000       0.00000    
          26   63.7784       10.4391      0.240580E+25  0.163644E+26  0.433201E+25  0.265391E+26  0.772749E-13  0.731076E-13  0.119474E-15  0.778650E-21  0.978601E-14  0.216989E-15  0.832180E-14  0.124723E-14   143.729       5.00000       1.00000       0.00000    
          27   68.9819       10.7679      0.242692E+25  0.170387E+26  0.438649E+25  0.279225E+26  0.771475E-13  0.724713E-13  0.147979E-15  0.883914E-21  0.115485E-13  0.222024E-15  0.973305E-14  0.159345E-14   171.512       11.0000       2.00000       0.00000    
          28   74.3894       11.1126      0.244879E+25  0.177568E+26  0.444212E+25  0.294106E+26  0.769961E-13  0.718241E-13  0.181105E-15  0.994186E-21  0.135511E-13  0.227201E-15  0.113113E-13  0.201259E-14   171.512       5.00000       1.00000       0.00000    
          29   80.0010       11.4746      0.247138E+25  0.185220E+26  0.449882E+25  0.310112E+26  0.768206E-13  0.711676E-13  0.219286E-15  0.110911E-20  0.158172E-13  0.232529E-15  0.130685E-13  0.251627E-14   204.653       11.0000       2.00000       0.00000    
          30   85.8167       11.8549      0.249466E+25  0.193373E+26  0.455643E+25  0.327317E+26  0.766209E-13  0.705033E-13  0.262962E-15  0.122832E-20  0.183720E-13  0.238017E-15  0.150166E-13  0.311745E-14   204.653       5.00000       1.00000       0.00000    
          31   91.8365       12.2546      0.251858E+25  0.202059E+26  0.461477E+25  0.345796E+26  0.763969E-13  0.698339E-13  0.312576E-15  0.135140E-20  0.212415E-13  0.243676E-15  0.171674E-13  0.383057E-14   244.184       11.0000       2.00000       0.00000    
          32   98.0602       12.6748      0.254305E+25  0.211308E+26  0.467356E+25  0.365610E+26  0.761489E-13  0.691618E-13  0.368568E-15  0.147798E-20  0.244535E-13  0.249512E-15  0.195325E-13  0.467162E-14   244.184       5.00000       1.00000       0.00000    
          33   104.488       13.1166      0.256801E+25  0.221148E+26  0.473253E+25  0.386825E+26  0.758772E-13  0.684897E-13  0.431381E-15  0.160767E-20  0.280369E-13  0.255536E-15  0.221231E-13  0.565838E-14   244.184       5.00000       1.00000       0.00000    
          34   111.120       13.5811      0.259333E+25  0.231608E+26  0.479138E+25  0.409499E+26  0.755823E-13  0.678210E-13  0.501440E-15  0.174008E-20  0.320215E-13  0.261758E-15  0.249496E-13  0.681031E-14   291.336       11.0000       2.00000       0.00000    
          35   117.956       14.0696      0.261895E+25  0.242716E+26  0.484982E+25  0.433682E+26  0.752648E-13  0.671575E-13  0.579155E-15  0.187477E-20  0.364390E-13  0.268186E-15  0.280224E-13  0.814868E-14   291.336       6.00000       1.00000       0.00000    
          36   124.996       14.5830      0.264475E+25  0.254499E+26  0.490753E+25  0.459426E+26  0.749253E-13  0.665022E-13  0.664918E-15  0.201134E-20  0.413216E-13  0.274833E-15  0.313503E-13  0.969676E-14   347.580       13.0000       2.00000       0.00000    
          37   132.240       15.1224      0.267062E+25  0.266975E+26  0.496416E+25  0.486757E+26  0.745648E-13  0.658582E-13  0.759085E-15  0.214939E-20  0.467023E-13  0.281707E-15  0.349413E-13  0.114795E-13   347.580       7.00000       1.00000       0.00000    
          38   139.688       15.6890      0.269643E+25  0.280173E+26  0.501943E+25  0.515719E+26  0.741841E-13  0.652277E-13  0.861988E-15  0.228851E-20  0.526149E-13  0.288822E-15  0.388024E-13  0.135242E-13   414.669       14.0000       2.00000       0.00000    
          39   147.340       16.2838      0.272207E+25  0.294102E+26  0.507297E+25  0.546320E+26  0.737845E-13  0.646133E-13  0.973905E-15  0.242826E-20  0.590940E-13  0.296187E-15  0.429389E-13  0.158594E-13   414.669       7.00000       1.00000       0.00000    
          40   155.197       16.9079      0.274742E+25  0.308784E+26  0.512453E+25  0.578582E+26  0.733669E-13  0.640171E-13  0.109508E-14  0.256826E-20  0.661744E-13  0.303813E-15  0.473552E-13  0.185161E-13   414.669       7.00000       1.00000       0.00000    
          41   163.257       17.5622      0.277235E+25  0.324233E+26  0.517383E+25  0.612512E+26  0.729328E-13  0.634415E-13  0.122569E-14  0.270807E-20  0.738911E-13  0.311714E-15  0.520535E-13  0.215265E-13   494.694       13.0000       2.00000       0.00000    
          42   171.521       18.2476      0.279678E+25  0.340456E+26  0.522065E+25  0.648110E+26  0.724832E-13  0.628874E-13  0.136590E-14  0.284736E-20  0.822800E-13  0.319899E-15  0.570355E-13  0.249253E-13   494.694       6.00000       1.00000       0.00000    
          43   179.990       18.9651      0.282054E+25  0.357461E+26  0.526472E+25  0.685364E+26  0.720198E-13  0.623576E-13  0.151578E-14  0.298577E-20  0.913751E-13  0.328382E-15  0.622996E-13  0.287481E-13   590.147       13.0000       2.00000       0.00000    
          44   188.662       19.7155      0.284360E+25  0.375254E+26  0.530594E+25  0.724271E+26  0.715437E-13  0.618518E-13  0.167538E-14  0.312290E-20  0.101214E-12  0.337170E-15  0.678454E-13  0.330322E-13   590.147       8.00000       1.00000       0.00000    
          45   197.539       20.4997      0.286584E+25  0.393836E+26  0.534414E+25  0.764810E+26  0.710565E-13  0.613719E-13  0.184465E-14  0.325843E-20  0.111830E-12  0.346278E-15  0.736685E-13  0.378161E-13   590.147       8.00000       1.00000       0.00000    
          46   206.620       21.3183      0.288716E+25  0.413212E+26  0.537926E+25  0.806978E+26  0.705597E-13  0.609187E-13  0.202352E-14  0.339207E-20  0.123258E-12  0.355717E-15  0.797639E-13  0.431399E-13   704.006       16.0000       2.00000       0.00000    
          47   215.904       22.1721      0.290749E+25  0.433365E+26  0.541112E+25  0.850715E+26  0.700545E-13  0.604927E-13  0.221184E-14  0.352351E-20  0.135532E-12  0.365495E-15  0.861249E-13  0.490432E-13   704.006       8.00000       1.00000       0.00000    
          48   225.393       23.0615      0.292673E+25  0.454297E+26  0.543969E+25  0.896007E+26  0.695427E-13  0.600951E-13  0.240942E-14  0.365249E-20  0.148684E-12  0.375625E-15  0.927430E-13  0.555674E-13   839.818       16.0000       2.00000       0.00000    
          49   235.086       23.9874      0.294488E+25  0.475997E+26  0.546504E+25  0.942838E+26  0.690254E-13  0.597247E-13  0.261606E-14  0.377880E-20  0.162750E-12  0.386113E-15  0.996108E-13  0.627554E-13   839.818       8.00000       1.00000       0.00000    
          50   244.983       24.9502      0.296187E+25  0.498459E+26  0.548717E+25  0.991177E+26  0.685041E-13  0.593821E-13  0.283147E-14  0.390222E-20  0.177761E-12  0.396972E-15  0.106718E-12  0.706491E-13   839.818       8.00000       1.00000       0.00000    
          51   255.083       25.9507      0.297771E+25  0.521694E+26  0.550624E+25  0.104104E+27  0.679800E-13  0.590662E-13  0.305538E-14  0.402254E-20  0.193752E-12  0.408217E-15  0.114054E-12  0.792933E-13   1001.82       15.0000       2.00000       0.00000    
          52   265.388       26.9889      0.299228E+25  0.545647E+26  0.552209E+25  0.109233E+27  0.674546E-13  0.587786E-13  0.328741E-14  0.413970E-20  0.210749E-12  0.419846E-15  0.121606E-12  0.887279E-13   1001.82       9.00000       1.00000       0.00000    
          53   275.897       28.0656      0.300561E+25  0.570327E+26  0.553495E+25  0.114506E+27  0.669290E-13  0.585179E-13  0.352716E-14  0.425348E-20  0.228785E-12  0.431873E-15  0.129362E-12  0.989962E-13   1001.82       9.00000       1.00000       0.00000    
          54   286.611       29.1811      0.301774E+25  0.595746E+26  0.554504E+25  0.119926E+27  0.664043E-13  0.582827E-13  0.377430E-14  0.436378E-20  0.247894E-12  0.444312E-15  0.137311E-12  0.110144E-12   1195.05       18.0000       2.00000       0.00000    
          55   297.528       30.3359      0.302860E+25  0.621849E+26  0.555228E+25  0.125484E+27  0.658816E-13  0.580737E-13  0.402837E-14  0.447054E-20  0.268100E-12  0.457162E-15  0.145438E-12  0.122211E-12   1195.05       9.00000       1.00000      -1.00000    
          56   308.649       31.5305      0.303824E+25  0.648648E+26  0.555691E+25  0.131183E+27  0.653617E-13  0.578894E-13  0.428898E-14  0.457369E-20  0.289436E-12  0.470436E-15  0.153731E-12  0.135240E-12   1195.05       9.00000       1.00000      -1.00000    
          57   319.974       32.7649      0.304661E+25  0.676125E+26  0.555909E+25  0.137025E+27  0.648459E-13  0.577303E-13  0.455560E-14  0.467319E-20  0.311923E-12  0.484145E-15  0.162174E-12  0.149272E-12   1425.54       18.0000       2.00000      -1.00000    
          58   331.503       34.0403      0.305389E+25  0.704289E+26  0.555899E+25  0.143010E+27  0.643344E-13  0.575928E-13  0.482800E-14  0.476898E-20  0.335606E-12  0.498293E-15  0.170761E-12  0.164356E-12   1425.54       9.00000       1.00000      -1.00000    
          59   343.237       35.3569      0.306003E+25  0.733136E+26  0.555678E+25  0.149138E+27  0.638284E-13  0.574772E-13  0.510565E-14  0.486106E-20  0.360507E-12  0.512897E-15  0.179474E-12  0.180531E-12   1700.47       18.0000       2.00000      -1.00000    
          60   355.174       36.7151      0.306507E+25  0.762636E+26  0.555259E+25  0.155412E+27  0.633282E-13  0.573827E-13  0.538811E-14  0.494942E-20  0.386655E-12  0.527952E-15  0.188302E-12  0.197837E-12   1700.47       9.00000       1.00000      -1.00000    
          61   367.316       38.1156      0.306906E+25  0.792798E+26  0.554659E+25  0.161834E+27  0.628346E-13  0.573081E-13  0.567498E-14  0.503407E-20  0.414080E-12  0.543474E-15  0.197231E-12  0.216318E-12   1700.47       9.00000       1.00000      -1.00000    
          62   379.661       39.5583      0.307194E+25  0.823608E+26  0.553894E+25  0.168410E+27  0.623484E-13  0.572543E-13  0.596569E-14  0.511507E-20  0.442798E-12  0.559473E-15  0.206247E-12  0.236009E-12   2028.42       19.0000       2.00000      -1.00000    
          63   392.211       41.0449      0.307396E+25  0.855091E+26  0.552982E+25  0.175140E+27  0.618693E-13  0.572167E-13  0.626012E-14  0.519236E-20  0.472866E-12  0.575951E-15  0.215345E-12  0.256963E-12   2028.42       10.0000       1.00000      -1.00000    
          64   404.965       42.5754      0.307507E+25  0.887237E+26  0.551935E+25  0.182030E+27  0.613980E-13  0.571961E-13  0.655774E-14  0.526601E-20  0.504301E-12  0.592921E-15  0.224510E-12  0.279216E-12   2028.42       10.0000       1.00000      -1.00000    
          65   417.922       44.1517      0.307547E+25  0.920129E+26  0.550786E+25  0.189094E+27  0.609345E-13  0.571887E-13  0.685840E-14  0.533600E-20  0.537158E-12  0.610411E-15  0.233739E-12  0.302832E-12   2419.59       20.0000       2.00000      -1.00000    
          66   431.084       45.7723      0.307490E+25  0.953612E+26  0.549513E+25  0.196321E+27  0.604798E-13  0.571992E-13  0.716125E-14  0.540251E-20  0.571420E-12  0.628389E-15  0.243005E-12  0.327810E-12   2419.59       10.0000       1.00000      -1.00000    
          67   444.450       47.4390      0.307358E+25  0.987774E+26  0.548148E+25  0.203725E+27  0.600336E-13  0.572238E-13  0.746618E-14  0.546552E-20  0.607142E-12  0.646885E-15  0.252308E-12  0.354212E-12   2419.59       10.0000       1.00000      -1.00000    
          68   458.020       49.1526      0.307155E+25  0.102262E+27  0.546702E+25  0.211315E+27  0.595962E-13  0.572616E-13  0.777284E-14  0.552507E-20  0.644357E-12  0.665906E-15  0.261636E-12  0.382080E-12   2419.59       10.0000       1.00000      -1.00000    
          69   471.794       50.9134      0.306880E+25  0.105816E+27  0.545185E+25  0.219099E+27  0.591679E-13  0.573130E-13  0.808075E-14  0.558125E-20  0.683082E-12  0.685466E-15  0.270977E-12  0.411449E-12   2886.19       20.0000       2.00000      -1.00000    
          70   485.772       52.7234      0.306551E+25  0.109442E+27  0.543615E+25  0.227083E+27  0.587482E-13  0.573744E-13  0.838992E-14  0.563407E-20  0.723382E-12  0.705567E-15  0.280330E-12  0.442377E-12   2886.19       10.0000       1.00000      -1.00000    
          71   499.954       54.5831      0.306167E+25  0.113142E+27  0.541998E+25  0.235279E+27  0.583374E-13  0.574464E-13  0.869987E-14  0.568361E-20  0.765277E-12  0.726221E-15  0.289683E-12  0.474899E-12   2886.19       10.0000       1.00000      -1.00000    
          72   514.340       56.4941      0.305737E+25  0.116922E+27  0.540360E+25  0.243708E+27  0.579357E-13  0.575272E-13  0.901043E-14  0.572990E-20  0.808814E-12  0.747457E-15  0.299031E-12  0.509077E-12   3442.75       20.0000       2.00000      -1.00000    
          73   528.930       58.4560      0.305256E+25  0.120773E+27  0.538679E+25  0.252356E+27  0.575428E-13  0.576179E-13  0.932113E-14  0.577307E-20  0.854006E-12  0.769246E-15  0.308360E-12  0.544919E-12   3442.75       10.0000       1.00000      -1.00000    
          74   543.725       60.4706      0.304732E+25  0.124702E+27  0.536980E+25  0.261247E+27  0.571587E-13  0.577169E-13  0.963180E-14  0.581313E-20  0.900900E-12  0.791617E-15  0.317667E-12  0.582485E-12   3442.75       10.0000       1.00000      -1.00000    
          75   558.723       62.5392      0.304171E+25  0.128715E+27  0.535275E+25  0.270399E+27  0.567834E-13  0.578234E-13  0.994218E-14  0.585015E-20  0.949535E-12  0.814593E-15  0.326943E-12  0.621830E-12   4106.63       20.0000       2.00000      -1.00000    
          76   573.925       64.6629      0.303577E+25  0.132809E+27  0.533562E+25  0.279814E+27  0.564167E-13  0.579366E-13  0.102521E-13  0.588420E-20  0.999952E-12  0.838157E-15  0.336184E-12  0.662984E-12   4106.63       10.0000       1.00000      -1.00000    
          77   589.332       66.8429      0.302952E+25  0.136988E+27  0.531854E+25  0.289510E+27  0.560587E-13  0.580560E-13  0.105612E-13  0.591535E-20  0.105219E-11  0.862333E-15  0.345383E-12  0.706001E-12   4106.63       10.0000       1.00000      -1.00000    
          78   604.942       69.0806      0.302302E+25  0.141257E+27  0.530156E+25  0.299503E+27  0.557090E-13  0.581808E-13  0.108694E-13  0.594364E-20  0.110629E-11  0.887130E-15  0.354534E-12  0.750927E-12   4106.63       10.0000       1.00000      -1.00000    
          79   620.757       71.3766      0.301623E+25  0.145618E+27  0.528480E+25  0.309818E+27  0.553679E-13  0.583119E-13  0.111763E-13  0.596917E-20  0.116227E-11  0.912566E-15  0.363625E-12  0.797802E-12   4898.51       19.0000       2.00000      -1.00000    
          80   636.775       73.7339      0.300931E+25  0.150074E+27  0.526822E+25  0.320450E+27  0.550346E-13  0.584459E-13  0.114821E-13  0.599194E-20  0.122022E-11  0.938638E-15  0.372664E-12  0.846694E-12   4898.51       9.00000       1.00000      -1.00000    
          81   652.998       76.1532      0.300224E+25  0.154630E+27  0.525192E+25  0.331426E+27  0.547093E-13  0.585836E-13  0.117863E-13  0.601203E-20  0.128018E-11  0.965362E-15  0.381640E-12  0.897644E-12   4898.51       9.00000       1.00000      -1.00000    
          82   669.425       78.6361      0.299504E+25  0.159288E+27  0.523594E+25  0.342764E+27  0.543918E-13  0.587244E-13  0.120889E-13  0.602951E-20  0.134217E-11  0.992750E-15  0.390548E-12  0.950702E-12   4898.51       9.00000       1.00000      -1.00000    
          83   686.056       81.1842      0.298773E+25  0.164056E+27  0.522037E+25  0.354493E+27  0.540818E-13  0.588681E-13  0.123896E-13  0.604443E-20  0.140624E-11  0.102083E-14  0.399383E-12  0.100593E-11   5843.07       19.0000       2.00000      -1.00000    
          84   702.890       83.7992      0.298035E+25  0.168931E+27  0.520517E+25  0.366612E+27  0.537793E-13  0.590138E-13  0.126883E-13  0.605685E-20  0.147246E-11  0.104958E-14  0.408142E-12  0.106337E-11   5843.07       10.0000       1.00000      -1.00000    
          85   719.929       86.4828      0.297293E+25  0.173920E+27  0.519042E+25  0.379151E+27  0.534839E-13  0.591611E-13  0.129849E-13  0.606683E-20  0.154087E-11  0.107902E-14  0.416820E-12  0.112307E-11   5843.07       10.0000       1.00000      -1.00000    
          86   737.172       89.2369      0.296549E+25  0.179029E+27  0.517615E+25  0.392132E+27  0.531955E-13  0.593096E-13  0.132792E-13  0.607442E-20  0.161152E-11  0.110917E-14  0.425414E-12  0.118509E-11   5843.07       10.0000       1.00000      -1.00000    
          87   754.619       92.0634      0.295802E+25  0.184267E+27  0.516251E+25  0.405601E+27  0.529142E-13  0.594593E-13  0.135709E-13  0.607967E-20  0.168445E-11  0.114005E-14  0.433917E-12  0.124951E-11   6969.75       20.0000       2.00000      -1.00000    
          88   772.270       94.9643      0.295060E+25  0.189630E+27  0.514930E+25  0.419533E+27  0.526392E-13  0.596089E-13  0.138603E-13  0.608265E-20  0.175974E-11  0.117165E-14  0.442332E-12  0.131636E-11   6969.75       10.0000       1.00000      -1.00000    
          89   790.126       97.9417      0.294322E+25  0.195126E+27  0.513667E+25  0.433976E+27  0.523706E-13  0.597583E-13  0.141470E-13  0.608341E-20  0.183745E-11  0.120398E-14  0.450654E-12  0.138572E-11   6969.75       10.0000       1.00000      -1.00000    
          90   808.185       100.998      0.293590E+25  0.200763E+27  0.512463E+25  0.448955E+27  0.521082E-13  0.599073E-13  0.144310E-13  0.608199E-20  0.191762E-11  0.123707E-14  0.458879E-12  0.145764E-11   6969.75       10.0000       1.00000      -1.00000    
          91   826.448       104.135      0.292868E+25  0.206553E+27  0.511331E+25  0.464518E+27  0.518517E-13  0.600550E-13  0.147122E-13  0.607841E-20  0.200034E-11  0.127094E-14  0.467005E-12  0.153222E-11   8313.68       20.0000       2.00000      -1.00000    
          92   844.915       107.355      0.292153E+25  0.212486E+27  0.510254E+25  0.480650E+27  0.516010E-13  0.602019E-13  0.149904E-13  0.607280E-20  0.208563E-11  0.130556E-14  0.475028E-12  0.160946E-11   8313.68       10.0000       1.00000      -1.00000    
          93   863.587       110.660      0.291450E+25  0.218577E+27  0.509242E+25  0.497399E+27  0.513558E-13  0.603473E-13  0.152655E-13  0.606516E-20  0.217358E-11  0.134097E-14  0.482946E-12  0.168946E-11   8313.68       10.0000       1.00000      -1.00000    
          94   882.462       114.054      0.290758E+25  0.224833E+27  0.508298E+25  0.514794E+27  0.511160E-13  0.604908E-13  0.155375E-13  0.605555E-20  0.226425E-11  0.137717E-14  0.490756E-12  0.177229E-11   8313.68       10.0000       1.00000      -1.00000    
          95   901.542       117.538      0.290081E+25  0.231259E+27  0.507422E+25  0.532865E+27  0.508813E-13  0.606321E-13  0.158063E-13  0.604402E-20  0.235771E-11  0.141418E-14  0.498457E-12  0.185801E-11   8313.68       10.0000       1.00000      -1.00000    
          96   920.825       121.117      0.289430E+25  0.237882E+27  0.506628E+25  0.551665E+27  0.506512E-13  0.607684E-13  0.160722E-13  0.603052E-20  0.245413E-11  0.145206E-14  0.506058E-12  0.194684E-11   9916.73       20.0000       2.00000      -1.00000    
          97   940.313       124.791      0.288784E+25  0.244671E+27  0.505894E+25  0.571187E+27  0.504262E-13  0.609044E-13  0.163343E-13  0.601528E-20  0.255339E-11  0.149072E-14  0.513534E-12  0.203858E-11   9916.73       10.0000       1.00000      -1.00000    
          98   960.004       128.563      0.288155E+25  0.251654E+27  0.505232E+25  0.591482E+27  0.502057E-13  0.610373E-13  0.165930E-13  0.599826E-20  0.265566E-11  0.153021E-14  0.520895E-12  0.213346E-11   9916.73       10.0000       1.00000      -1.00000    
          99   979.900       132.436      0.287545E+25  0.258838E+27  0.504643E+25  0.612586E+27  0.499896E-13  0.611668E-13  0.168482E-13  0.597951E-20  0.276102E-11  0.157057E-14  0.528139E-12  0.223154E-11   9916.73       10.0000       1.00000      -1.00000    
         100   1000.00       136.414      0.286948E+25  0.266225E+27  0.504127E+25  0.634543E+27  0.497779E-13  0.612941E-13  0.170996E-13  0.595912E-20  0.286948E-11  0.161177E-14  0.535256E-12  0.233284E-11   10000.0       20.0000       2.00000      -1.00000    
 
 
Rate coefficients (m3/s)
 C1    He    Effective (momentum)                                
 C2    He    Excitation    19.80 eV                              
 C3    He    Ionization    24.58 eV                              
            R#      E/N (Td)   Energy (eV)      C1            C2            C3      
           1  0.100000E-01  0.402255E-01  0.613161E-14   0.00000       0.00000    
           2  0.112029      0.932820E-01  0.100245E-13   0.00000       0.00000    
           3  0.418118      0.260865      0.180952E-13   0.00000       0.00000    
           4  0.928265      0.527949      0.269854E-13   0.00000       0.00000    
           5   1.64247      0.896683      0.361332E-13   0.00000       0.00000    
           6   2.56073       1.38177      0.453162E-13   0.00000       0.00000    
           7   3.68306       2.02375      0.543035E-13  0.445496E-24   0.00000    
           8   5.00944       2.90903      0.627403E-13  0.318112E-20  0.393611E-24
           9   6.53988       4.10993      0.696976E-13  0.197987E-18  0.178649E-21
          10   8.27438       5.25268      0.736846E-13  0.147985E-17  0.505375E-20
          11   10.2129       6.01958      0.753744E-13  0.446095E-17  0.392618E-19
          12   12.3556       6.52078      0.761323E-13  0.910170E-17  0.162264E-18
          13   14.7022       6.89081      0.765616E-13  0.153517E-16  0.472690E-18
          14   17.2530       7.19783      0.768541E-13  0.232437E-16  0.110713E-17
          15   20.0078       7.47318      0.770716E-13  0.328426E-16  0.223594E-17
          16   22.9666       7.73221      0.772372E-13  0.442195E-16  0.405841E-17
          17   26.1295       7.98335      0.773624E-13  0.574456E-16  0.679825E-17
          18   29.4965       8.23183      0.774538E-13  0.725918E-16  0.107007E-16
          19   33.0675       8.48128      0.775159E-13  0.897309E-16  0.160309E-16
          20   36.8426       8.73450      0.775518E-13  0.108936E-15  0.230725E-16
          21   40.8218       8.99370      0.775633E-13  0.130285E-15  0.321279E-16
          22   45.0050       9.26080      0.775514E-13  0.153856E-15  0.435181E-16
          23   49.3922       9.53746      0.775167E-13  0.179730E-15  0.575819E-16
          24   53.9835       9.82517      0.774592E-13  0.207985E-15  0.746764E-16
          25   58.7789       10.1253      0.773787E-13  0.238707E-15  0.951771E-16
          26   63.7784       10.4391      0.772749E-13  0.271975E-15  0.119475E-15
          27   68.9819       10.7679      0.771475E-13  0.307866E-15  0.147978E-15
          28   74.3894       11.1126      0.769961E-13  0.346452E-15  0.181105E-15
          29   80.0010       11.4746      0.768206E-13  0.387800E-15  0.219286E-15
          30   85.8167       11.8549      0.766209E-13  0.431968E-15  0.262962E-15
          31   91.8365       12.2546      0.763969E-13  0.479003E-15  0.312575E-15
          32   98.0602       12.6748      0.761489E-13  0.528941E-15  0.368570E-15
          33   104.488       13.1166      0.758772E-13  0.581802E-15  0.431383E-15
          34   111.120       13.5811      0.755823E-13  0.637588E-15  0.501439E-15
          35   117.956       14.0696      0.752648E-13  0.696301E-15  0.579155E-15
          36   124.996       14.5830      0.749253E-13  0.757909E-15  0.664918E-15
          37   132.240       15.1224      0.745648E-13  0.822372E-15  0.759085E-15
          38   139.688       15.6890      0.741841E-13  0.889632E-15  0.861988E-15
          39   147.340       16.2838      0.737845E-13  0.959614E-15  0.973905E-15
          40   155.197       16.9079      0.733669E-13  0.103223E-14  0.109508E-14
          41   163.257       17.5622      0.729328E-13  0.110736E-14  0.122570E-14
          42   171.521       18.2476      0.724832E-13  0.118491E-14  0.136591E-14
          43   179.990       18.9651      0.720198E-13  0.126473E-14  0.151578E-14
          44   188.662       19.7155      0.715437E-13  0.134670E-14  0.167538E-14
          45   197.539       20.4997      0.710565E-13  0.143066E-14  0.184465E-14
          46   206.620       21.3183      0.705597E-13  0.151646E-14  0.202352E-14
          47   215.904       22.1721      0.700545E-13  0.160393E-14  0.221184E-14
          48   225.393       23.0615      0.695427E-13  0.169290E-14  0.240942E-14
          49   235.086       23.9874      0.690254E-13  0.178323E-14  0.261606E-14
          50   244.983       24.9502      0.685041E-13  0.187474E-14  0.283148E-14
          51   255.083       25.9507      0.679800E-13  0.196729E-14  0.305540E-14
          52   265.388       26.9889      0.674546E-13  0.206068E-14  0.328741E-14
          53   275.897       28.0656      0.669290E-13  0.215477E-14  0.352716E-14
          54   286.611       29.1811      0.664043E-13  0.224942E-14  0.377430E-14
          55   297.528       30.3359      0.658816E-13  0.234448E-14  0.402837E-14
          56   308.649       31.5305      0.653617E-13  0.243980E-14  0.428898E-14
          57   319.974       32.7649      0.648459E-13  0.253524E-14  0.455561E-14
          58   331.503       34.0403      0.643344E-13  0.263072E-14  0.482800E-14
          59   343.237       35.3569      0.638284E-13  0.272612E-14  0.510565E-14
          60   355.174       36.7151      0.633282E-13  0.282130E-14  0.538812E-14
          61   367.316       38.1156      0.628346E-13  0.291618E-14  0.567498E-14
          62   379.661       39.5583      0.623484E-13  0.301060E-14  0.596569E-14
          63   392.211       41.0449      0.618693E-13  0.310459E-14  0.626012E-14
          64   404.965       42.5754      0.613980E-13  0.319801E-14  0.655774E-14
          65   417.922       44.1517      0.609345E-13  0.329086E-14  0.685840E-14
          66   431.084       45.7723      0.604798E-13  0.338292E-14  0.716125E-14
          67   444.450       47.4390      0.600336E-13  0.347419E-14  0.746618E-14
          68   458.020       49.1526      0.595962E-13  0.356463E-14  0.777285E-14
          69   471.794       50.9134      0.591679E-13  0.365413E-14  0.808076E-14
          70   485.772       52.7234      0.587482E-13  0.374272E-14  0.838992E-14
          71   499.954       54.5831      0.583374E-13  0.383031E-14  0.869988E-14
          72   514.340       56.4941      0.579357E-13  0.391686E-14  0.901044E-14
          73   528.930       58.4560      0.575428E-13  0.400234E-14  0.932114E-14
          74   543.725       60.4706      0.571587E-13  0.408669E-14  0.963181E-14
          75   558.723       62.5392      0.567834E-13  0.416990E-14  0.994219E-14
          76   573.925       64.6629      0.564167E-13  0.425191E-14  0.102521E-13
          77   589.332       66.8429      0.560587E-13  0.433271E-14  0.105612E-13
          78   604.942       69.0806      0.557090E-13  0.441225E-14  0.108695E-13
          79   620.757       71.3766      0.553679E-13  0.449046E-14  0.111763E-13
          80   636.775       73.7339      0.550346E-13  0.456742E-14  0.114821E-13
          81   652.998       76.1532      0.547093E-13  0.464306E-14  0.117863E-13
          82   669.425       78.6361      0.543918E-13  0.471735E-14  0.120889E-13
          83   686.056       81.1842      0.540818E-13  0.479027E-14  0.123896E-13
          84   702.890       83.7992      0.537793E-13  0.486180E-14  0.126883E-13
          85   719.929       86.4828      0.534839E-13  0.493193E-14  0.129849E-13
          86   737.172       89.2369      0.531955E-13  0.500063E-14  0.132792E-13
          87   754.619       92.0634      0.529142E-13  0.506783E-14  0.135709E-13
          88   772.270       94.9643      0.526392E-13  0.513364E-14  0.138603E-13
          89   790.126       97.9417      0.523706E-13  0.519797E-14  0.141470E-13
          90   808.185       100.998      0.521082E-13  0.526082E-14  0.144310E-13
          91   826.448       104.135      0.518517E-13  0.532219E-14  0.147122E-13
          92   844.915       107.355      0.516010E-13  0.538204E-14  0.149904E-13
          93   863.587       110.660      0.513558E-13  0.544037E-14  0.152655E-13
          94   882.462       114.054      0.511160E-13  0.549717E-14  0.155375E-13
          95   901.542       117.538      0.508813E-13  0.555244E-14  0.158063E-13
          96   920.825       121.117      0.506512E-13  0.560626E-14  0.160722E-13
          97   940.313       124.791      0.504262E-13  0.565844E-14  0.163343E-13
          98   960.004       128.563      0.502057E-13  0.570906E-14  0.165930E-13
          99   979.900       132.436      0.499896E-13  0.575813E-14  0.168482E-13
         100   1000.00       136.414      0.497779E-13  0.580557E-14  0.170995E-13
 
 
Inverse rate coefficients (m3/s)
 C1    He    Effective (momentum)                                
 C2    He    Excitation    19.80 eV                              
 C3    He    Ionization    24.58 eV                              
            R#      E/N (Td)   Energy (eV)      C1            C2            C3      
           1  0.100000E-01  0.402255E-01  0.406547E-14
           2  0.112029      0.932820E-01  0.628516E-14
           3  0.418118      0.260865      0.823512E-14
           4  0.928265      0.527949      0.746170E-14
           5   1.64247      0.896683      0.636670E-14
           6   2.56073       1.38177      0.566034E-14
           7   3.68306       2.02375      0.531272E-14
           8   5.00944       2.90903      0.525973E-14
           9   6.53988       4.10993      0.540185E-14
          10   8.27438       5.25268      0.556712E-14
          11   10.2129       6.01958      0.567002E-14
          12   12.3556       6.52078      0.572877E-14
          13   14.7022       6.89081      0.576659E-14
          14   17.2530       7.19783      0.579453E-14
          15   20.0078       7.47318      0.581734E-14
          16   22.9666       7.73221      0.583716E-14
          17   26.1295       7.98335      0.585510E-14
          18   29.4965       8.23183      0.587180E-14
          19   33.0675       8.48128      0.588768E-14
          20   36.8426       8.73450      0.590302E-14
          21   40.8218       8.99370      0.591803E-14
          22   45.0050       9.26080      0.593286E-14
          23   49.3922       9.53746      0.594760E-14
          24   53.9835       9.82517      0.596231E-14
          25   58.7789       10.1253      0.597705E-14
          26   63.7784       10.4391      0.599183E-14
          27   68.9819       10.7679      0.600667E-14
          28   74.3894       11.1126      0.602160E-14
          29   80.0010       11.4746      0.603662E-14
          30   85.8167       11.8549      0.605174E-14
          31   91.8365       12.2546      0.606697E-14
          32   98.0602       12.6748      0.608233E-14
          33   104.488       13.1166      0.609783E-14
          34   111.120       13.5811      0.611349E-14
          35   117.956       14.0696      0.612934E-14
          36   124.996       14.5830      0.614540E-14
          37   132.240       15.1224      0.616169E-14
          38   139.688       15.6890      0.617825E-14
          39   147.340       16.2838      0.619509E-14
          40   155.197       16.9079      0.621225E-14
          41   163.257       17.5622      0.622975E-14
          42   171.521       18.2476      0.624761E-14
          43   179.990       18.9651      0.626586E-14
          44   188.662       19.7155      0.628451E-14
          45   197.539       20.4997      0.630359E-14
          46   206.620       21.3183      0.632310E-14
          47   215.904       22.1721      0.634306E-14
          48   225.393       23.0615      0.636346E-14
          49   235.086       23.9874      0.638433E-14
          50   244.983       24.9502      0.640567E-14
          51   255.083       25.9507      0.642747E-14
          52   265.388       26.9889      0.644973E-14
          53   275.897       28.0656      0.647243E-14
          54   286.611       29.1811      0.649557E-14
          55   297.528       30.3359      0.651913E-14
          56   308.649       31.5305      0.654311E-14
          57   319.974       32.7649      0.656746E-14
          58   331.503       34.0403      0.659219E-14
          59   343.237       35.3569      0.661727E-14
          60   355.174       36.7151      0.664267E-14
          61   367.316       38.1156      0.666836E-14
          62   379.661       39.5583      0.669430E-14
          63   392.211       41.0449      0.672049E-14
          64   404.965       42.5754      0.674689E-14
          65   417.922       44.1517      0.677345E-14
          66   431.084       45.7723      0.680015E-14
          67   444.450       47.4390      0.682694E-14
          68   458.020       49.1526      0.685380E-14
          69   471.794       50.9134      0.688067E-14
          70   485.772       52.7234      0.690755E-14
          71   499.954       54.5831      0.693438E-14
          72   514.340       56.4941      0.696114E-14
          73   528.930       58.4560      0.698777E-14
          74   543.725       60.4706      0.701424E-14
          75   558.723       62.5392      0.704051E-14
          76   573.925       64.6629      0.706655E-14
          77   589.332       66.8429      0.709233E-14
          78   604.942       69.0806      0.711780E-14
          79   620.757       71.3766      0.714290E-14
          80   636.775       73.7339      0.716765E-14
          81   652.998       76.1532      0.719199E-14
          82   669.425       78.6361      0.721588E-14
          83   686.056       81.1842      0.723929E-14
          84   702.890       83.7992      0.726219E-14
          85   719.929       86.4828      0.728455E-14
          86   737.172       89.2369      0.730633E-14
          87   754.619       92.0634      0.732750E-14
          88   772.270       94.9643      0.734805E-14
          89   790.126       97.9417      0.736793E-14
          90   808.185       100.998      0.738711E-14
          91   826.448       104.135      0.740558E-14
          92   844.915       107.355      0.742331E-14
          93   863.587       110.660      0.744028E-14
          94   882.462       114.054      0.745646E-14
          95   901.542       117.538      0.747183E-14
          96   920.825       121.117      0.748639E-14
          97   940.313       124.791      0.750008E-14
          98   960.004       128.563      0.751290E-14
          99   979.900       132.436      0.752483E-14
         100   1000.00       136.414      0.753583E-14
 
 
Energy loss coefficients (eV m3/s)
 C1    He    Effective (momentum)                                
 C2    He    Excitation    19.80 eV                              
 C3    He    Ionization    24.58 eV                              
            R#      E/N (Td)   Energy (eV)      C1            C2            C3      
           1  0.100000E-01  0.402255E-01  0.240943E-20   0.00000       0.00000    
           2  0.112029      0.932820E-01  0.172665E-18   0.00000       0.00000    
           3  0.418118      0.260865      0.131073E-17   0.00000       0.00000    
           4  0.928265      0.527949      0.433136E-17   0.00000       0.00000    
           5   1.64247      0.896683      0.101743E-16   0.00000       0.00000    
           6   2.56073       1.38177      0.199163E-16   0.00000       0.00000    
           7   3.68306       2.02375      0.350123E-16  0.882082E-23   0.00000    
           8   5.00944       2.90903      0.576308E-16  0.629862E-19  0.967495E-23
           9   6.53988       4.10993      0.883872E-16  0.392014E-17  0.439119E-20
          10   8.27438       5.25268      0.116460E-15  0.293011E-16  0.124221E-18
          11   10.2129       6.01958      0.134406E-15  0.883269E-16  0.965055E-18
          12   12.3556       6.52078      0.145613E-15  0.180214E-15  0.398845E-17
          13   14.7022       6.89081      0.153568E-15  0.303963E-15  0.116187E-16
          14   17.2530       7.19783      0.159949E-15  0.460226E-15  0.272132E-16
          15   20.0078       7.47318      0.165500E-15  0.650284E-15  0.549594E-16
          16   22.9666       7.73221      0.170576E-15  0.875546E-15  0.997557E-16
          17   26.1295       7.98335      0.175366E-15  0.113742E-14  0.167101E-15
          18   29.4965       8.23183      0.179985E-15  0.143732E-14  0.263024E-15
          19   33.0675       8.48128      0.184510E-15  0.177667E-14  0.394039E-15
          20   36.8426       8.73450      0.188998E-15  0.215694E-14  0.567123E-15
          21   40.8218       8.99370      0.193490E-15  0.257965E-14  0.789704E-15
          22   45.0050       9.26080      0.198021E-15  0.304636E-14  0.106967E-14
          23   49.3922       9.53746      0.202616E-15  0.355865E-14  0.141536E-14
          24   53.9835       9.82517      0.207299E-15  0.411810E-14  0.183555E-14
          25   58.7789       10.1253      0.212084E-15  0.472640E-14  0.233945E-14
          26   63.7784       10.4391      0.216989E-15  0.538510E-14  0.293670E-14
          27   68.9819       10.7679      0.222024E-15  0.609574E-14  0.363731E-14
          28   74.3894       11.1126      0.227201E-15  0.685976E-14  0.445156E-14
          29   80.0010       11.4746      0.232529E-15  0.767843E-14  0.539004E-14
          30   85.8167       11.8549      0.238017E-15  0.855297E-14  0.646360E-14
          31   91.8365       12.2546      0.243676E-15  0.948425E-14  0.768310E-14
          32   98.0602       12.6748      0.249512E-15  0.104730E-13  0.905945E-14
          33   104.488       13.1166      0.255536E-15  0.115197E-13  0.106034E-13
          34   111.120       13.5811      0.261758E-15  0.126242E-13  0.123254E-13
          35   117.956       14.0696      0.268186E-15  0.137868E-13  0.142356E-13
          36   124.996       14.5830      0.274833E-15  0.150066E-13  0.163437E-13
          37   132.240       15.1224      0.281707E-15  0.162830E-13  0.186583E-13
          38   139.688       15.6890      0.288822E-15  0.176147E-13  0.211877E-13
          39   147.340       16.2838      0.296187E-15  0.190004E-13  0.239386E-13
          40   155.197       16.9079      0.303813E-15  0.204381E-13  0.269171E-13
          41   163.257       17.5622      0.311714E-15  0.219258E-13  0.301277E-13
          42   171.521       18.2476      0.319899E-15  0.234613E-13  0.335742E-13
          43   179.990       18.9651      0.328382E-15  0.250417E-13  0.372580E-13
          44   188.662       19.7155      0.337170E-15  0.266647E-13  0.411807E-13
          45   197.539       20.4997      0.346278E-15  0.283271E-13  0.453414E-13
          46   206.620       21.3183      0.355717E-15  0.300259E-13  0.497381E-13
          47   215.904       22.1721      0.365495E-15  0.317578E-13  0.543671E-13
          48   225.393       23.0615      0.375625E-15  0.335195E-13  0.592235E-13
          49   235.086       23.9874      0.386113E-15  0.353080E-13  0.643028E-13
          50   244.983       24.9502      0.396972E-15  0.371199E-13  0.695977E-13
          51   255.083       25.9507      0.408217E-15  0.389524E-13  0.751018E-13
          52   265.388       26.9889      0.419846E-15  0.408015E-13  0.808044E-13
          53   275.897       28.0656      0.431873E-15  0.426645E-13  0.866975E-13
          54   286.611       29.1811      0.444312E-15  0.445386E-13  0.927724E-13
          55   297.528       30.3359      0.457162E-15  0.464206E-13  0.990174E-13
          56   308.649       31.5305      0.470436E-15  0.483081E-13  0.105423E-12
          57   319.974       32.7649      0.484145E-15  0.501977E-13  0.111977E-12
          58   331.503       34.0403      0.498293E-15  0.520883E-13  0.118672E-12
          59   343.237       35.3569      0.512897E-15  0.539771E-13  0.125497E-12
          60   355.174       36.7151      0.527952E-15  0.558618E-13  0.132440E-12
          61   367.316       38.1156      0.543474E-15  0.577404E-13  0.139491E-12
          62   379.661       39.5583      0.559473E-15  0.596098E-13  0.146637E-12
          63   392.211       41.0449      0.575951E-15  0.614708E-13  0.153874E-12
          64   404.965       42.5754      0.592921E-15  0.633205E-13  0.161189E-12
          65   417.922       44.1517      0.610411E-15  0.651590E-13  0.168580E-12
          66   431.084       45.7723      0.628389E-15  0.669818E-13  0.176024E-12
          67   444.450       47.4390      0.646885E-15  0.687890E-13  0.183519E-12
          68   458.020       49.1526      0.665906E-15  0.705796E-13  0.191057E-12
          69   471.794       50.9134      0.685466E-15  0.723517E-13  0.198625E-12
          70   485.772       52.7234      0.705567E-15  0.741058E-13  0.206224E-12
          71   499.954       54.5831      0.726221E-15  0.758402E-13  0.213843E-12
          72   514.340       56.4941      0.747457E-15  0.775538E-13  0.221477E-12
          73   528.930       58.4560      0.769246E-15  0.792463E-13  0.229114E-12
          74   543.725       60.4706      0.791617E-15  0.809165E-13  0.236750E-12
          75   558.723       62.5392      0.814593E-15  0.825641E-13  0.244379E-12
          76   573.925       64.6629      0.838157E-15  0.841879E-13  0.251996E-12
          77   589.332       66.8429      0.862333E-15  0.857876E-13  0.259595E-12
          78   604.942       69.0806      0.887130E-15  0.873625E-13  0.267171E-12
          79   620.757       71.3766      0.912566E-15  0.889110E-13  0.274714E-12
          80   636.775       73.7339      0.938638E-15  0.904349E-13  0.282229E-12
          81   652.998       76.1532      0.965362E-15  0.919326E-13  0.289708E-12
          82   669.425       78.6361      0.992750E-15  0.934036E-13  0.297144E-12
          83   686.056       81.1842      0.102083E-14  0.948473E-13  0.304536E-12
          84   702.890       83.7992      0.104958E-14  0.962637E-13  0.311878E-12
          85   719.929       86.4828      0.107902E-14  0.976522E-13  0.319168E-12
          86   737.172       89.2369      0.110917E-14  0.990124E-13  0.326402E-12
          87   754.619       92.0634      0.114005E-14  0.100343E-12  0.333573E-12
          88   772.270       94.9643      0.117165E-14  0.101646E-12  0.340686E-12
          89   790.126       97.9417      0.120398E-14  0.102920E-12  0.347734E-12
          90   808.185       100.998      0.123707E-14  0.104164E-12  0.354715E-12
          91   826.448       104.135      0.127094E-14  0.105379E-12  0.361626E-12
          92   844.915       107.355      0.130556E-14  0.106564E-12  0.368464E-12
          93   863.587       110.660      0.134097E-14  0.107719E-12  0.375226E-12
          94   882.462       114.054      0.137717E-14  0.108844E-12  0.381912E-12
          95   901.542       117.538      0.141418E-14  0.109938E-12  0.388519E-12
          96   920.825       121.117      0.145206E-14  0.111004E-12  0.395054E-12
          97   940.313       124.791      0.149072E-14  0.112037E-12  0.401497E-12
          98   960.004       128.563      0.153021E-14  0.113039E-12  0.407855E-12
          99   979.900       132.436      0.157057E-14  0.114011E-12  0.414128E-12
         100   1000.00       136.414      0.161177E-14  0.114950E-12  0.420306E-12
 
 
